Accelerate:1448889351202,AccX:0.1,AccY:0.2,AccZ:0.3
GPS:1448889351203,Lat:1.302797,Lon:103.785574,Alt:4.0,AccHor:5.0,AccVer:5.0,Speed:10.0
Attitude:1448889351204,Q0:0.182574186,Q1:0.365148372,Q2:0.547722558,Q3:0.730296743
